haas
Rows: 12
Columns: 12
Building knight adjacency list...
Building knight tour...

[[120 127 124 105 118  97  86  79  82  65  88  73]
 [125 104 119  98 123 106  81  66  87  72  83  64]
 [128 121 126 107  96 117  78  85  80  63  74  89]
 [103 112 115 122  99 108  67  94  91  84  71  62]
 [114 129 110 101 116  95  92  77  60  69  90  75]
 [111 102 113 130 109 100  59  68  93  76  61  70]
 [ 10  17  14 139   8 131  54  25  58  39  52  31]
 [ 15 138   9 132  13 140  23  38  53  32  57  40]
 [ 18  11  16 141  22   7  26  55  24  41  30  51]
 [137   2   5  12 133 142  37  46  49  56  33  42]
 [  4  19 144 135   6  21  48  27  44  35  50  29]
 [  1 136   3  20 143 134  45  36  47  28  43  34]]

ADL length: 144
Tot. squares: 144
Complete: 	 True
Closed: 	 True
Structured: 	 True
Non-repeating: 	 True
Legal: 		 True
Path found in 0.0016 seconds.
