Rows: 20
Columns: 20
Building knight adjacency list...
Building knight tour...

[[176 129 144 141 178 131 114 139 180 183 266 219 234 231 268 221 204 229
  270 273]
 [143 146 177 130 113 140 179 182 163 138 233 236 267 220 203 230 269 272
  253 228]
 [128 175 142 145 132 101 110 115 184 181 218 265 232 235 222 191 200 205
  274 271]
 [147 150 127 102 117 112 133 162 137 164 237 240 217 192 207 202 223 252
  227 254]
 [174 105 148 119 100 109 116 111 134 185 264 195 238 209 190 199 206 201
  224 275]
 [149 126 151 106 103 118 161 156 165 136 239 216 241 196 193 208 251 246
  255 226]
 [152 173 104  99 120 155 108 135 186 167 242 263 194 189 210 245 198 225
  276 257]
 [125  98 123 154 107 160 157 166  89  92 215 188 213 244 197 250 247 256
  279 282]
 [172 153  96 159 170 121  94  91 168 187 262 243 286 249 260 211 284 281
  258 277]
 [ 97 124 171 122  95 158 169  88  93  90 287 214 261 212 285 248 259 278
  283 280]
 [ 80  33  48  45  82  35  18  43  84  87 320 373 288 385 322 375 358 383
  324 327]
 [ 47  50  81  34  17  44  83  86  67  42 387 290 321 374 357 384 323 326
  307 382]
 [ 32  79  46  49  36   5  14  19 388  85 372 319 386 289 376 345 354 359
  328 325]
 [ 51  54  31   6  21  16  37  66  41  68 291 294 371 346 361 356 377 306
  381 308]
 [ 78   9  52  23   4  13  20  15  38 389 318 349 292 363 344 353 360 355
  378 329]
 [ 53  30  55  10   7  22  65  60  69  40 293 370 295 350 347 362 305 300
  309 380]
 [ 56  77   8   3  24  59  12  39 390  71 296 317 348 343 364 299 352 379
  330 311]
 [ 29   2  27  58  11  64  61  70 393 396 369 342 367 298 351 304 301 310
  333 336]
 [ 76  57 400  63  74  25 398 395  72 391 316 297 340 303 314 365 338 335
  312 331]
 [  1  28  75  26 399  62  73 392 397 394 341 368 315 366 339 302 313 332
  337 334]]

ADL length: 400
Tot. squares: 400
Complete: 	 True
Closed: 	 True
Structured: 	 True
Non-repeating: 	 True
Legal: 		 True
Path found in 0.0020 seconds.
